[[[ 93 102 106]
  [ 93 102 105]
  [ 92 104 106]
  ..., 
  [165 186 184]
  [166 184 183]
  [165 183 182]]

 [[ 94 103 106]
  [ 94 103 106]
  [ 92 104 104]
  ..., 
  [165 186 184]
  [166 184 183]
  [165 183 182]]

 [[ 92 105 103]
  [ 92 105 103]
  [ 92 106 102]
  ..., 
  [165 186 183]
  [164 185 182]
  [163 184 181]]

 ..., 
 [[ 34  20  26]
  [ 31  20  23]
  [ 29  17  23]
  ..., 
  [ 44  41  43]
  [ 42  41  43]
  [ 40  42  43]]

 [[ 34  19  23]
  [ 33  19  21]
  [ 31  16  20]
  ..., 
  [ 45  41  46]
  [ 41  42  46]
  [ 39  42  46]]

 [[ 36  19  22]
  [ 35  18  21]
  [ 31  17  19]
  ..., 
  [ 41  40  44]
  [ 39  40  44]
  [ 37  40  44]]]
[[[53 54 64]
  [53 54 64]
  [52 54 64]
  ..., 
  [36 22 28]
  [34 20 26]
  [32 18 24]]

 [[53 54 64]
  [52 54 64]
  [52 54 64]
  ..., 
  [36 22 28]
  [33 19 25]
  [30 16 22]]

 [[53 56 64]
  [51 57 64]
  [51 57 64]
  ..., 
  [37 22 26]
  [35 19 26]
  [32 16 23]]

 ..., 
 [[13 12 16]
  [15 13 19]
  [17 14 23]
  ..., 
  [50 70 71]
  [49 69 70]
  [49 69 70]]

 [[13 14 12]
  [14 14 14]
  [16 15 19]
  ..., 
  [51 71 72]
  [49 70 71]
  [48 69 70]]

 [[13 14 10]
  [14 15 13]
  [16 15 17]
  ..., 
  [51 71 72]
  [49 70 71]
  [48 69 70]]]
[[[50 56 51]
  [50 56 51]
  [49 56 51]
  ..., 
  [53 41 41]
  [56 39 43]
  [56 39 43]]

 [[51 56 54]
  [51 56 54]
  [50 57 54]
  ..., 
  [56 43 45]
  [55 40 44]
  [55 40 44]]

 [[52 57 56]
  [52 57 56]
  [51 57 56]
  ..., 
  [56 45 47]
  [54 43 46]
  [54 45 48]]

 ..., 
 [[16 14 14]
  [16 14 14]
  [15 13 13]
  ..., 
  [49 62 64]
  [48 60 64]
  [48 60 64]]

 [[14 15 13]
  [13 14 12]
  [15 13 12]
  ..., 
  [45 63 64]
  [47 62 64]
  [47 62 64]]

 [[14 15 11]
  [13 14 10]
  [15 14 10]
  ..., 
  [43 63 64]
  [47 62 64]
  [47 62 64]]]
[[[147 129 142]
  [148 131 142]
  [149 132 143]
  ..., 
  [241 239 239]
  [242 237 238]
  [242 237 238]]

 [[147 127 140]
  [146 129 140]
  [151 131 143]
  ..., 
  [241 239 239]
  [242 237 238]
  [242 237 238]]

 [[146 123 137]
  [147 127 139]
  [152 130 142]
  ..., 
  [241 239 239]
  [243 238 239]
  [243 238 239]]

 ..., 
 [[120  84 108]
  [122  90 109]
  [127  96 111]
  ..., 
  [129 138 148]
  [132 136 147]
  [133 135 146]]

 [[121  82 107]
  [121  86 106]
  [124  91 106]
  ..., 
  [130 137 146]
  [132 134 144]
  [133 134 144]]

 [[119  80 105]
  [120  83 103]
  [119  86 101]
  ..., 
  [130 136 143]
  [132 134 142]
  [133 132 141]]]
[[[157 128 131]
  [157 128 131]
  [160 127 131]
  ..., 
  [225 225 213]
  [223 223 211]
  [222 222 210]]

 [[157 128 131]
  [157 128 131]
  [159 128 131]
  ..., 
  [225 225 213]
  [224 224 212]
  [223 223 211]]

 [[156 126 131]
  [156 126 131]
  [158 126 131]
  ..., 
  [227 225 214]
  [226 224 213]
  [225 223 212]]

 ..., 
 [[141 168 202]
  [143 167 203]
  [146 165 203]
  ..., 
  [ 47  58  62]
  [ 46  58  64]
  [ 44  57  65]]

 [[136 168 203]
  [136 168 203]
  [139 166 203]
  ..., 
  [ 44  59  62]
  [ 39  58  63]
  [ 38  57  64]]

 [[131 168 202]
  [133 168 202]
  [135 166 205]
  ..., 
  [ 40  59  62]
  [ 38  58  63]
  [ 36  58  64]]]
[[[ 69  48  63]
  [ 69  48  63]
  [ 67  49  62]
  ..., 
  [150 170 165]
  [148 167 164]
  [147 166 163]]

 [[ 68  47  62]
  [ 69  48  63]
  [ 67  49  62]
  ..., 
  [149 168 165]
  [148 167 164]
  [146 165 162]]

 [[ 70  47  62]
  [ 69  48  63]
  [ 67  49  62]
  ..., 
  [147 168 166]
  [145 166 164]
  [144 165 163]]

 ..., 
 [[ 88  89  85]
  [ 86  90  85]
  [ 88  89  87]
  ..., 
  [ 24  35  57]
  [ 26  37  59]
  [ 25  39  58]]

 [[ 90  90  84]
  [ 88  89  85]
  [ 90  88  87]
  ..., 
  [ 21  35  57]
  [ 20  37  58]
  [ 19  38  59]]

 [[ 90  90  84]
  [ 90  90  84]
  [ 90  88  87]
  ..., 
  [ 18  36  59]
  [ 18  37  58]
  [ 16  37  58]]]
[[[ 93  92 102]
  [ 90  89  99]
  [ 91  85  96]
  ..., 
  [ 82 100  87]
  [ 82 101  86]
  [ 80 101  86]]

 [[ 91  90 100]
  [ 91  87  98]
  [ 90  84  95]
  ..., 
  [ 85  99  87]
  [ 83 100  87]
  [ 82 100  87]]

 [[ 91  88  97]
  [ 89  86  95]
  [ 89  84  93]
  ..., 
  [ 89  97  90]
  [ 87  98  90]
  [ 86  97  87]]

 ..., 
 [[ 84  89 114]
  [ 85  89 117]
  [ 85  89 118]
  ..., 
  [109 139 174]
  [114 144 179]
  [114 147 180]]

 [[ 83  87 116]
  [ 84  87 118]
  [ 81  85 120]
  ..., 
  [104 140 176]
  [109 145 181]
  [112 150 184]]

 [[ 83  86 117]
  [ 84  86 120]
  [ 81  83 123]
  ..., 
  [102 140 175]
  [107 147 182]
  [111 151 186]]]
[[[101 126 152]
  [102 127 153]
  [104 129 155]
  ..., 
  [ 50  55  53]
  [ 46  54  53]
  [ 44  55  53]]

 [[102 127 153]
  [103 128 154]
  [104 129 155]
  ..., 
  [ 52  55  53]
  [ 48  54  53]
  [ 46  54  53]]

 [[103 128 154]
  [104 129 155]
  [105 130 156]
  ..., 
  [ 56  54  53]
  [ 52  54  54]
  [ 52  54  54]]

 ..., 
 [[ 37  40  55]
  [ 35  38  53]
  [ 32  34  52]
  ..., 
  [ 53  67  96]
  [ 55  69  98]
  [ 56  70  99]]

 [[ 35  37  47]
  [ 34  36  47]
  [ 33  34  48]
  ..., 
  [ 53  66  98]
  [ 52  67  99]
  [ 54  69 101]]

 [[ 33  35  43]
  [ 34  36  44]
  [ 33  35  46]
  ..., 
  [ 53  66  98]
  [ 52  67  99]
  [ 54  69 101]]]
[[[104 111  98]
  [106 113 100]
  [107 116 103]
  ..., 
  [173 187 185]
  [176 186 186]
  [176 186 186]]

 [[104 110  99]
  [104 112 101]
  [107 115 104]
  ..., 
  [174 187 185]
  [176 186 186]
  [177 187 187]]

 [[100 108  98]
  [101 110 100]
  [105 114 104]
  ..., 
  [175 188 186]
  [177 187 187]
  [177 187 187]]

 ..., 
 [[ 19  13  32]
  [ 20  14  33]
  [ 21  14  35]
  ..., 
  [ 56  43  51]
  [ 58  41  50]
  [ 60  41  50]]

 [[ 21  13  30]
  [ 20  14  33]
  [ 21  15  34]
  ..., 
  [ 54  43  53]
  [ 58  41  52]
  [ 60  40  52]]

 [[ 21  13  30]
  [ 22  14  31]
  [ 21  15  34]
  ..., 
  [ 54  43  53]
  [ 58  40  53]
  [ 60  40  53]]]
[[[129 122 127]
  [129 122 127]
  [128 121 128]
  ..., 
  [157 184 181]
  [155 183 183]
  [155 183 183]]

 [[128 121 126]
  [127 121 126]
  [127 120 127]
  ..., 
  [157 184 181]
  [158 184 184]
  [156 184 184]]

 [[126 121 123]
  [126 121 123]
  [126 120 125]
  ..., 
  [158 184 184]
  [159 185 185]
  [159 185 185]]

 ..., 
 [[ 33  47  70]
  [ 34  48  70]
  [ 35  48  70]
  ..., 
  [ 55  38  35]
  [ 54  36  35]
  [ 52  36  37]]

 [[ 33  46  68]
  [ 35  48  70]
  [ 34  47  69]
  ..., 
  [ 53  38  35]
  [ 52  37  35]
  [ 50  36  37]]

 [[ 33  46  68]
  [ 34  47  69]
  [ 34  48  67]
  ..., 
  [ 53  38  35]
  [ 50  37  35]
  [ 50  36  37]]]
[[[104 102 114]
  [104 102 114]
  [105 104 114]
  ..., 
  [175 192 181]
  [175 192 181]
  [175 192 181]]

 [[103 101 113]
  [104 102 114]
  [105 104 114]
  ..., 
  [175 192 181]
  [176 192 181]
  [174 191 180]]

 [[103 102 112]
  [103 102 112]
  [106 102 113]
  ..., 
  [176 191 183]
  [177 191 180]
  [175 191 180]]

 ..., 
 [[ 34  29  98]
  [ 32  29  98]
  [ 31  29  99]
  ..., 
  [ 53  47  40]
  [ 49  43  36]
  [ 45  39  32]]

 [[ 35  27  97]
  [ 33  28  97]
  [ 30  28  98]
  ..., 
  [ 51  49  39]
  [ 47  45  35]
  [ 44  42  32]]

 [[ 35  27  97]
  [ 33  28  97]
  [ 31  27  98]
  ..., 
  [ 50  49  39]
  [ 47  45  35]
  [ 44  42  32]]]
[[[ 76  82  81]
  [ 78  83  82]
  [ 81  83  83]
  ..., 
  [163 167 162]
  [165 160 157]
  [165 158 155]]

 [[ 77  83  82]
  [ 78  83  82]
  [ 81  83  83]
  ..., 
  [163 167 162]
  [165 162 158]
  [163 158 155]]

 [[ 78  84  83]
  [ 80  85  84]
  [ 83  85  85]
  ..., 
  [162 168 163]
  [162 163 159]
  [164 161 157]]

 ..., 
 [[ 22  88  23]
  [ 27  90  28]
  [ 31  91  31]
  ..., 
  [ 44  36  36]
  [ 44  37  34]
  [ 41  36  33]]

 [[ 23  81  26]
  [ 27  83  30]
  [ 29  81  33]
  ..., 
  [ 44  36  36]
  [ 42  37  34]
  [ 41  38  33]]

 [[ 28  84  33]
  [ 29  81  33]
  [ 27  76  32]
  ..., 
  [ 42  37  34]
  [ 42  37  34]
  [ 41  38  33]]]
[[[ 80  72  72]
  [ 77  71  72]
  [ 76  70  75]
  ..., 
  [205 223 216]
  [204 222 215]
  [204 225 217]]

 [[ 81  73  73]
  [ 78  72  73]
  [ 74  70  75]
  ..., 
  [205 223 216]
  [203 224 216]
  [205 226 218]]

 [[ 79  74  73]
  [ 77  72  73]
  [ 75  72  74]
  ..., 
  [205 222 218]
  [204 225 217]
  [203 226 218]]

 ..., 
 [[ 63  59  95]
  [ 65  58  95]
  [ 66  57  97]
  ..., 
  [ 72  49  41]
  [ 76  49  39]
  [ 76  47  38]]

 [[ 65  57  97]
  [ 65  57  97]
  [ 66  57  97]
  ..., 
  [ 75  49  42]
  [ 78  49  40]
  [ 79  48  39]]

 [[ 65  57  97]
  [ 65  57  97]
  [ 65  56  96]
  ..., 
  [ 78  50  43]
  [ 81  50  41]
  [ 83  50  41]]]
[[[ 54  58  69]
  [ 53  59  70]
  [ 54  60  73]
  ..., 
  [126 142 149]
  [126 143 152]
  [127 144 153]]

 [[ 56  60  71]
  [ 55  61  72]
  [ 54  62  75]
  ..., 
  [126 142 149]
  [128 143 152]
  [127 144 153]]

 [[ 59  65  76]
  [ 59  65  76]
  [ 59  67  80]
  ..., 
  [127 141 147]
  [130 143 151]
  [129 145 152]]

 ..., 
 [[ 17   9  10]
  [ 17   9  10]
  [ 15   9  10]
  ..., 
  [108 107 103]
  [110 107 103]
  [110 107 103]]

 [[ 17   9  10]
  [ 17   9  10]
  [ 15   9  10]
  ..., 
  [108 106 105]
  [110 106 105]
  [110 106 105]]

 [[ 17   9  10]
  [ 17   9  10]
  [ 15   9  10]
  ..., 
  [107 105 104]
  [109 104 105]
  [110 105 106]]]
[[[185 166 169]
  [185 167 168]
  [185 164 166]
  ..., 
  [ 44  43  29]
  [ 43  42  28]
  [ 41  41  27]]

 [[193 176 179]
  [194 177 180]
  [197 179 180]
  ..., 
  [ 45  42  28]
  [ 42  41  27]
  [ 41  41  27]]

 [[225 211 215]
  [227 214 216]
  [230 217 219]
  ..., 
  [ 45  41  30]
  [ 42  40  29]
  [ 42  40  29]]

 ..., 
 [[ 58  39  31]
  [ 58  39  31]
  [ 58  40  29]
  ..., 
  [ 33  44  41]
  [ 33  44  41]
  [ 34  46  40]]

 [[ 58  40  29]
  [ 58  40  29]
  [ 57  39  28]
  ..., 
  [ 31  45  39]
  [ 34  47  39]
  [ 34  47  39]]

 [[ 58  40  29]
  [ 58  40  29]
  [ 57  39  28]
  ..., 
  [ 31  46  38]
  [ 34  47  39]
  [ 34  48  37]]]
[[[62 62 68]
  [62 62 68]
  [62 61 70]
  ..., 
  [29 26 22]
  [28 27 23]
  [29 28 24]]

 [[62 62 68]
  [62 62 68]
  [62 61 70]
  ..., 
  [29 26 22]
  [30 27 23]
  [31 28 24]]

 [[64 62 68]
  [64 62 68]
  [64 61 70]
  ..., 
  [31 24 21]
  [33 26 23]
  [31 26 23]]

 ..., 
 [[54 98 45]
  [52 98 45]
  [49 98 42]
  ..., 
  [57 66 70]
  [59 65 70]
  [59 65 70]]

 [[52 94 41]
  [49 93 40]
  [47 94 38]
  ..., 
  [57 66 70]
  [58 64 69]
  [58 64 69]]

 [[49 91 38]
  [47 91 38]
  [47 92 36]
  ..., 
  [56 65 69]
  [58 64 69]
  [58 64 69]]]
0.957473296159



[[  1.12576857e+03   0.00000000e+00   6.43987299e+02]
 [  0.00000000e+00   1.12761797e+03   3.50607543e+02]
 [  0.00000000e+00   0.00000000e+00   1.00000000e+00]]



[[  1.92106268e-01  -1.97976517e+00  -3.94343796e-03  -3.09564522e-03
    5.11252359e+00]]



[array([[-0.13393113],
       [ 0.10764889],
       [-2.9847832 ]]), array([[-0.72512451],
       [ 0.4259598 ],
       [ 0.7449922 ]]), array([[-0.02358744],
       [ 1.28862254],
       [ 1.76381134]]), array([[-0.0089043 ],
       [-0.87597641],
       [ 2.02878387]]), array([[-0.07135609],
       [-0.62752839],
       [ 2.01341155]]), array([[ 0.06852411],
       [ 0.24094936],
       [ 2.59379094]]), array([[ 0.21921571],
       [-0.21599135],
       [ 2.87349299]]), array([[ 0.03402023],
       [-0.91497362],
       [-2.91793199]]), array([[-0.05420346],
       [ 0.01858623],
       [-3.0817507 ]]), array([[ 0.05614047],
       [ 0.17821249],
       [ 1.54287887]]), array([[-0.08306308],
       [ 0.05166916],
       [ 0.02886537]]), array([[-0.10169656],
       [ 0.19181042],
       [ 0.85277591]]), array([[ 0.16718418],
       [-0.18948364],
       [ 1.60226662]]), array([[-0.86398689],
       [ 0.39686375],
       [ 1.62170277]]), array([[-0.39597788],
       [ 0.03948084],
       [ 0.03021734]])]



[array([[  4.94123038],
       [  4.04697511],
       [ 20.16475518]]), array([[ -0.90419053],
       [ -4.88760874],
       [ 22.76812053]]), array([[  5.67168258],
       [ -3.00453819],
       [ 18.57555937]]), array([[  5.52840771],
       [ -2.27399616],
       [ 18.39342061]]), array([[  5.54837186],
       [ -1.4993058 ],
       [ 18.17999994]]), array([[  6.8729902 ],
       [  0.63783103],
       [ 17.23906549]]), array([[  7.58253385],
       [  3.87058826],
       [ 22.74707155]]), array([[  7.18382088],
       [  4.30955179],
       [ 24.64461958]]), array([[  4.01536067],
       [  4.28335293],
       [ 20.14266851]]), array([[  2.83380199],
       [ -3.07086449],
       [ 19.16375385]]), array([[ -4.00891765],
       [ -2.34899959],
       [ 21.36442755]]), array([[  0.35919292],
       [ -4.38986073],
       [ 21.18571041]]), array([[  0.77820371],
       [ -3.09905909],
       [ 17.31185648]]), array([[ -0.58535606],
       [ -3.56797971],
       [ 24.5952965 ]]), array([[ -5.90302942],
       [ -4.32626139],
       [ 18.84318164]])]
