[[[157 143 137]
  [156 142 136]
  [156 142 136]
  ..., 
  [108 107 111]
  [108 107 111]
  [108 107 111]]

 [[158 144 138]
  [157 143 137]
  [156 142 136]
  ..., 
  [108 107 111]
  [108 107 111]
  [108 107 111]]

 [[160 146 140]
  [159 145 139]
  [157 143 137]
  ..., 
  [108 107 111]
  [108 107 111]
  [108 107 111]]

 ..., 
 [[ 52  56  51]
  [ 53  57  52]
  [ 55  59  54]
  ..., 
  [ 55  54  50]
  [ 62  63  59]
  [ 69  70  66]]

 [[103 107 102]
  [104 108 103]
  [106 110 105]
  ..., 
  [ 39  43  38]
  [ 44  48  43]
  [ 47  51  46]]

 [[ 96 100  95]
  [ 97 101  96]
  [100 104  99]
  ..., 
  [ 31  37  32]
  [ 32  38  33]
  [ 34  40  35]]]
[[[204 192 186]
  [195 183 177]
  [183 173 166]
  ..., 
  [107 100 105]
  [107 100 105]
  [107 100 105]]

 [[201 189 183]
  [192 180 174]
  [180 170 163]
  ..., 
  [107 100 105]
  [107 100 105]
  [107 100 105]]

 [[196 184 178]
  [188 176 170]
  [176 166 159]
  ..., 
  [106 100 105]
  [106 100 105]
  [106 100 105]]

 ..., 
 [[135 149 147]
  [133 147 145]
  [130 144 142]
  ..., 
  [ 86  94  93]
  [ 64  72  71]
  [ 51  59  58]]

 [[128 145 142]
  [125 142 139]
  [122 139 136]
  ..., 
  [ 82  90  89]
  [ 64  70  69]
  [ 52  58  57]]

 [[123 140 137]
  [121 138 135]
  [117 134 131]
  ..., 
  [ 85  93  92]
  [ 71  77  76]
  [ 61  67  66]]]
[[[117 103  97]
  [119 105  99]
  [121 107 101]
  ..., 
  [108 108 108]
  [108 108 108]
  [108 108 108]]

 [[117 103  97]
  [118 104  98]
  [120 106 100]
  ..., 
  [107 107 107]
  [107 107 107]
  [107 107 107]]

 [[116 102  96]
  [117 103  97]
  [119 105  99]
  ..., 
  [106 106 106]
  [106 106 106]
  [106 106 106]]

 ..., 
 [[ 63  67  62]
  [ 64  68  63]
  [ 65  69  64]
  ..., 
  [ 59  55  50]
  [ 60  54  49]
  [ 60  54  47]]

 [[ 74  77  75]
  [ 75  78  76]
  [ 77  80  78]
  ..., 
  [ 59  57  46]
  [ 61  57  46]
  [ 60  57  43]]

 [[ 83  86  84]
  [ 84  87  85]
  [ 85  88  86]
  ..., 
  [ 60  59  45]
  [ 61  58  43]
  [ 61  58  43]]]
[[[120 112 105]
  [120 112 105]
  [120 112 105]
  ..., 
  [111  98 100]
  [106  92  96]
  [104  90  94]]

 [[121 113 106]
  [121 113 106]
  [120 112 105]
  ..., 
  [114 101 103]
  [109  95  99]
  [107  93  97]]

 [[121 113 106]
  [121 113 106]
  [120 112 105]
  ..., 
  [117 104 106]
  [112  99 101]
  [109  96  98]]

 ..., 
 [[160 167 162]
  [160 167 162]
  [161 168 163]
  ..., 
  [ 79  67  57]
  [ 81  66  57]
  [ 82  67  58]]

 [[164 171 166]
  [164 171 166]
  [165 172 167]
  ..., 
  [ 80  66  54]
  [ 81  67  55]
  [ 81  67  55]]

 [[168 175 170]
  [169 176 171]
  [169 176 171]
  ..., 
  [ 80  66  54]
  [ 80  66  54]
  [ 81  67  55]]]
[[[ 99 104 103]
  [ 99 104 103]
  [ 98 103 102]
  ..., 
  [112 107 108]
  [110 105 106]
  [109 104 105]]

 [[ 99 104 103]
  [ 99 104 103]
  [ 98 103 102]
  ..., 
  [113 108 109]
  [111 106 107]
  [110 105 106]]

 [[ 98 103 102]
  [ 98 103 102]
  [ 98 103 102]
  ..., 
  [114 109 110]
  [112 107 108]
  [111 106 107]]

 ..., 
 [[ 39  43  61]
  [ 41  46  61]
  [ 46  49  64]
  ..., 
  [ 41  31  24]
  [ 41  31  24]
  [ 41  31  24]]

 [[ 43  49  60]
  [ 46  52  63]
  [ 51  55  66]
  ..., 
  [ 41  31  24]
  [ 41  31  24]
  [ 41  31  24]]

 [[ 46  53  62]
  [ 49  56  65]
  [ 55  61  68]
  ..., 
  [ 41  31  24]
  [ 41  31  24]
  [ 41  31  24]]]
[[[ 92  92  92]
  [ 92  92  92]
  [ 92  92  92]
  ..., 
  [ 86  73  65]
  [ 86  73  65]
  [ 85  72  64]]

 [[ 91  91  91]
  [ 91  91  91]
  [ 91  91  91]
  ..., 
  [ 85  72  64]
  [ 84  71  63]
  [ 84  71  63]]

 [[ 89  89  89]
  [ 89  89  89]
  [ 90  90  90]
  ..., 
  [ 83  70  62]
  [ 83  70  62]
  [ 82  69  61]]

 ..., 
 [[192 180 168]
  [190 181 168]
  [188 179 169]
  ..., 
  [ 12  12  12]
  [ 13  13  13]
  [ 13  13  13]]

 [[192 178 166]
  [190 178 166]
  [186 177 167]
  ..., 
  [ 12  12  12]
  [ 13  13  13]
  [ 13  13  13]]

 [[190 176 164]
  [188 176 164]
  [186 176 166]
  ..., 
  [ 12  12  12]
  [ 13  13  13]
  [ 13  13  13]]]
[[[181 151 146]
  [185 155 150]
  [191 162 157]
  ..., 
  [143 130 132]
  [143 130 132]
  [143 130 132]]

 [[184 154 149]
  [189 159 154]
  [196 167 162]
  ..., 
  [136 125 127]
  [138 125 127]
  [136 125 127]]

 [[185 157 150]
  [193 165 158]
  [203 175 168]
  ..., 
  [138 130 131]
  [140 129 131]
  [138 130 131]]

 ..., 
 [[169 167 159]
  [169 167 159]
  [169 167 159]
  ..., 
  [207 213 212]
  [208 213 212]
  [209 214 213]]

 [[172 170 162]
  [172 170 162]
  [172 170 162]
  ..., 
  [204 210 209]
  [206 211 210]
  [206 211 210]]

 [[172 170 162]
  [172 170 162]
  [172 170 162]
  ..., 
  [203 209 208]
  [204 209 208]
  [204 209 208]]]
[[[241 224 211]
  [234 218 205]
  [241 231 221]
  ..., 
  [168 162 163]
  [166 160 161]
  [164 158 159]]

 [[241 224 211]
  [235 221 209]
  [243 233 223]
  ..., 
  [199 191 192]
  [198 190 191]
  [197 189 190]]

 [[241 225 213]
  [239 225 213]
  [247 237 227]
  ..., 
  [186 175 177]
  [188 177 179]
  [189 178 180]]

 ..., 
 [[182 180 172]
  [182 180 172]
  [182 180 172]
  ..., 
  [199 206 201]
  [199 206 201]
  [199 206 201]]

 [[182 180 172]
  [182 180 172]
  [182 180 172]
  ..., 
  [202 209 204]
  [202 209 204]
  [202 209 204]]

 [[182 180 172]
  [182 180 172]
  [182 180 172]
  ..., 
  [198 205 200]
  [198 205 200]
  [198 205 200]]]
[[[253 235 224]
  [242 224 213]
  [230 212 201]
  ..., 
  [144 139 140]
  [144 139 140]
  [144 139 140]]

 [[251 233 222]
  [240 222 211]
  [229 211 200]
  ..., 
  [144 139 140]
  [144 139 140]
  [144 139 140]]

 [[247 229 218]
  [238 220 209]
  [228 210 199]
  ..., 
  [142 137 138]
  [142 137 138]
  [142 137 138]]

 ..., 
 [[161 181 182]
  [161 181 182]
  [161 181 182]
  ..., 
  [176 190 188]
  [176 190 188]
  [176 190 188]]

 [[182 207 209]
  [182 207 209]
  [182 207 209]
  ..., 
  [173 190 187]
  [173 190 187]
  [173 190 187]]

 [[159 186 190]
  [159 186 190]
  [160 187 191]
  ..., 
  [173 190 187]
  [173 190 187]
  [173 190 187]]]
[[[204 192 186]
  [195 183 177]
  [183 173 166]
  ..., 
  [107 100 105]
  [107 100 105]
  [107 100 105]]

 [[201 189 183]
  [192 180 174]
  [181 171 164]
  ..., 
  [107 100 105]
  [107 100 105]
  [107 100 105]]

 [[196 184 178]
  [188 176 170]
  [176 166 159]
  ..., 
  [106 100 105]
  [106 100 105]
  [106 100 105]]

 ..., 
 [[135 149 147]
  [133 147 145]
  [130 144 142]
  ..., 
  [ 85  93  92]
  [ 64  72  71]
  [ 51  59  58]]

 [[128 145 142]
  [126 143 140]
  [122 139 136]
  ..., 
  [ 82  90  89]
  [ 64  70  69]
  [ 53  59  58]]

 [[123 140 137]
  [121 138 135]
  [117 134 131]
  ..., 
  [ 85  93  92]
  [ 71  77  76]
  [ 61  67  66]]]
[[[253 235 224]
  [242 224 213]
  [230 212 201]
  ..., 
  [144 139 140]
  [144 139 140]
  [144 139 140]]

 [[251 233 222]
  [240 222 211]
  [229 211 200]
  ..., 
  [144 139 140]
  [144 139 140]
  [144 139 140]]

 [[247 229 218]
  [238 220 209]
  [228 210 199]
  ..., 
  [142 137 138]
  [142 137 138]
  [142 137 138]]

 ..., 
 [[161 181 182]
  [160 181 182]
  [161 181 182]
  ..., 
  [176 190 188]
  [176 190 188]
  [176 190 188]]

 [[182 207 209]
  [180 208 209]
  [182 207 209]
  ..., 
  [173 190 187]
  [173 190 187]
  [173 190 187]]

 [[157 186 190]
  [157 186 190]
  [158 187 191]
  ..., 
  [173 190 187]
  [173 190 187]
  [173 190 187]]]
[[[252 253 251]
  [252 253 251]
  [252 253 249]
  ..., 
  [185 166 169]
  [185 166 169]
  [185 166 169]]

 [[253 254 252]
  [253 254 252]
  [253 254 250]
  ..., 
  [187 168 171]
  [187 168 171]
  [188 169 172]]

 [[253 254 250]
  [253 254 250]
  [254 255 251]
  ..., 
  [187 170 173]
  [188 171 174]
  [188 171 174]]

 ..., 
 [[177 183 172]
  [177 183 172]
  [177 183 172]
  ..., 
  [186 199 197]
  [186 199 197]
  [186 199 197]]

 [[179 185 174]
  [179 185 174]
  [179 185 174]
  ..., 
  [186 199 197]
  [186 199 197]
  [186 199 197]]

 [[180 186 175]
  [180 186 175]
  [180 186 175]
  ..., 
  [186 199 197]
  [186 199 197]
  [186 199 197]]]
[[[246 224 212]
  [235 218 205]
  [243 231 221]
  ..., 
  [168 162 163]
  [166 160 161]
  [164 158 159]]

 [[246 224 212]
  [238 220 209]
  [245 233 223]
  ..., 
  [199 191 192]
  [198 190 191]
  [198 190 191]]

 [[245 225 214]
  [241 225 213]
  [247 237 227]
  ..., 
  [186 175 177]
  [188 177 179]
  [189 178 180]]

 ..., 
 [[182 180 172]
  [182 180 172]
  [182 180 172]
  ..., 
  [199 206 201]
  [199 206 201]
  [199 206 201]]

 [[182 180 172]
  [182 180 172]
  [182 180 172]
  ..., 
  [202 209 204]
  [202 209 204]
  [202 209 204]]

 [[182 180 172]
  [182 180 172]
  [182 180 172]
  ..., 
  [198 205 200]
  [198 205 200]
  [198 205 200]]]
[[[180 151 146]
  [184 155 150]
  [189 163 157]
  ..., 
  [141 130 132]
  [141 130 132]
  [141 130 132]]

 [[183 154 149]
  [188 159 154]
  [194 168 162]
  ..., 
  [136 125 127]
  [136 125 127]
  [136 125 127]]

 [[185 157 150]
  [193 165 158]
  [200 174 167]
  ..., 
  [138 130 131]
  [138 130 131]
  [138 130 131]]

 ..., 
 [[169 167 159]
  [169 167 159]
  [169 167 159]
  ..., 
  [206 212 211]
  [208 213 212]
  [209 214 213]]

 [[172 170 162]
  [172 170 162]
  [172 170 162]
  ..., 
  [204 210 209]
  [206 211 210]
  [206 211 210]]

 [[172 170 162]
  [172 170 162]
  [172 170 162]
  ..., 
  [203 209 208]
  [204 209 208]
  [204 209 208]]]
[[[ 92  92  92]
  [ 92  92  92]
  [ 92  92  92]
  ..., 
  [ 86  73  65]
  [ 86  73  65]
  [ 85  72  64]]

 [[ 91  91  91]
  [ 91  91  91]
  [ 91  91  91]
  ..., 
  [ 85  72  64]
  [ 84  71  63]
  [ 84  71  63]]

 [[ 89  89  89]
  [ 89  89  89]
  [ 90  90  90]
  ..., 
  [ 83  70  62]
  [ 83  70  62]
  [ 83  70  62]]

 ..., 
 [[192 180 168]
  [189 180 167]
  [187 178 168]
  ..., 
  [ 12  12  12]
  [ 13  13  13]
  [ 13  13  13]]

 [[192 178 166]
  [190 178 166]
  [187 177 167]
  ..., 
  [ 12  12  12]
  [ 13  13  13]
  [ 13  13  13]]

 [[191 177 165]
  [188 176 164]
  [186 176 166]
  ..., 
  [ 12  12  12]
  [ 13  13  13]
  [ 13  13  13]]]
[[[ 99 104 103]
  [ 99 104 103]
  [ 99 104 103]
  ..., 
  [113 108 109]
  [111 106 107]
  [109 104 105]]

 [[ 99 104 103]
  [ 99 104 103]
  [ 98 103 102]
  ..., 
  [113 108 109]
  [111 106 107]
  [110 105 106]]

 [[ 99 104 103]
  [ 98 103 102]
  [ 98 103 102]
  ..., 
  [114 109 110]
  [112 107 108]
  [111 106 107]]

 ..., 
 [[ 39  44  59]
  [ 41  46  61]
  [ 44  49  64]
  ..., 
  [ 41  31  24]
  [ 41  31  24]
  [ 41  31  24]]

 [[ 43  49  60]
  [ 46  52  63]
  [ 50  57  66]
  ..., 
  [ 41  31  24]
  [ 41  31  24]
  [ 41  31  24]]

 [[ 46  53  62]
  [ 49  56  65]
  [ 53  61  68]
  ..., 
  [ 41  31  24]
  [ 41  31  24]
  [ 41  31  24]]]
[[[120 112 105]
  [120 112 105]
  [120 112 105]
  ..., 
  [111  98 100]
  [106  92  96]
  [104  90  94]]

 [[121 113 106]
  [121 113 106]
  [120 112 105]
  ..., 
  [114 101 103]
  [109  95  99]
  [106  92  96]]

 [[121 113 106]
  [121 113 106]
  [120 112 105]
  ..., 
  [117 104 106]
  [112  99 101]
  [109  96  98]]

 ..., 
 [[160 167 162]
  [160 167 162]
  [161 168 163]
  ..., 
  [ 79  67  57]
  [ 81  66  57]
  [ 82  67  58]]

 [[164 171 166]
  [164 171 166]
  [165 172 167]
  ..., 
  [ 80  65  56]
  [ 81  66  57]
  [ 81  66  57]]

 [[168 175 170]
  [169 176 171]
  [169 176 171]
  ..., 
  [ 80  65  56]
  [ 80  65  56]
  [ 81  66  57]]]
[[[117 103  97]
  [119 105  99]
  [121 107 101]
  ..., 
  [108 108 108]
  [108 108 108]
  [108 108 108]]

 [[117 103  97]
  [118 104  98]
  [120 106 100]
  ..., 
  [107 107 107]
  [107 107 107]
  [107 107 107]]

 [[116 102  96]
  [117 103  97]
  [119 105  99]
  ..., 
  [106 106 106]
  [106 106 106]
  [106 106 106]]

 ..., 
 [[ 63  67  62]
  [ 64  68  63]
  [ 65  69  64]
  ..., 
  [ 59  56  48]
  [ 60  54  47]
  [ 60  55  46]]

 [[ 76  77  75]
  [ 77  78  76]
  [ 79  80  78]
  ..., 
  [ 59  57  46]
  [ 60  56  45]
  [ 60  56  45]]

 [[ 85  86  84]
  [ 86  87  85]
  [ 87  88  86]
  ..., 
  [ 59  57  46]
  [ 61  58  44]
  [ 61  58  44]]]
[[[157 143 137]
  [156 142 136]
  [156 142 136]
  ..., 
  [108 107 111]
  [108 107 111]
  [108 107 111]]

 [[158 144 138]
  [157 143 137]
  [156 142 136]
  ..., 
  [108 107 111]
  [108 107 111]
  [108 107 111]]

 [[160 146 140]
  [159 145 139]
  [157 143 137]
  ..., 
  [108 107 111]
  [108 107 111]
  [108 107 111]]

 ..., 
 [[ 54  55  51]
  [ 55  56  52]
  [ 57  58  54]
  ..., 
  [ 55  54  50]
  [ 62  63  59]
  [ 69  70  66]]

 [[103 107 102]
  [104 108 103]
  [106 110 105]
  ..., 
  [ 39  43  38]
  [ 44  48  43]
  [ 48  52  47]]

 [[ 96 100  95]
  [ 97 101  96]
  [100 104  99]
  ..., 
  [ 31  37  32]
  [ 32  38  33]
  [ 34  40  35]]]
[[[204 192 186]
  [195 183 177]
  [183 173 166]
  ..., 
  [107 100 105]
  [107 100 105]
  [107 100 105]]

 [[201 189 183]
  [192 180 174]
  [180 170 163]
  ..., 
  [107 100 105]
  [107 100 105]
  [107 100 105]]

 [[196 184 178]
  [188 176 170]
  [176 166 159]
  ..., 
  [106 100 105]
  [106 100 105]
  [106 100 105]]

 ..., 
 [[135 149 147]
  [133 147 145]
  [130 144 142]
  ..., 
  [ 86  94  93]
  [ 64  72  71]
  [ 51  59  58]]

 [[128 145 142]
  [125 142 139]
  [122 139 136]
  ..., 
  [ 82  90  89]
  [ 64  70  69]
  [ 52  58  57]]

 [[123 140 137]
  [121 138 135]
  [117 134 131]
  ..., 
  [ 85  93  92]
  [ 71  77  76]
  [ 61  67  66]]]
[[[253 235 224]
  [242 224 213]
  [230 212 201]
  ..., 
  [144 139 140]
  [144 139 140]
  [144 139 140]]

 [[251 233 222]
  [240 222 211]
  [229 211 200]
  ..., 
  [144 139 140]
  [144 139 140]
  [144 139 140]]

 [[247 229 218]
  [238 220 209]
  [228 210 199]
  ..., 
  [142 137 138]
  [142 137 138]
  [142 137 138]]

 ..., 
 [[161 181 182]
  [161 181 182]
  [161 181 182]
  ..., 
  [176 190 188]
  [176 190 188]
  [176 190 188]]

 [[182 207 209]
  [182 207 209]
  [182 207 209]
  ..., 
  [173 190 187]
  [173 190 187]
  [173 190 187]]

 [[159 186 190]
  [159 186 190]
  [160 187 191]
  ..., 
  [173 190 187]
  [173 190 187]
  [173 190 187]]]
[[[250 253 251]
  [250 253 251]
  [251 255 250]
  ..., 
  [185 166 169]
  [185 166 169]
  [185 166 169]]

 [[251 254 252]
  [251 254 252]
  [251 255 250]
  ..., 
  [187 168 171]
  [187 168 171]
  [188 169 172]]

 [[253 254 252]
  [253 254 252]
  [254 255 251]
  ..., 
  [187 170 173]
  [188 171 174]
  [188 171 174]]

 ..., 
 [[177 183 172]
  [177 183 172]
  [177 183 172]
  ..., 
  [186 199 197]
  [186 199 197]
  [186 199 197]]

 [[179 185 174]
  [179 185 174]
  [179 185 174]
  ..., 
  [186 199 197]
  [186 199 197]
  [186 199 197]]

 [[180 186 175]
  [180 186 175]
  [180 186 175]
  ..., 
  [186 199 197]
  [186 199 197]
  [186 199 197]]]
[[[241 224 211]
  [234 218 205]
  [241 231 221]
  ..., 
  [168 162 163]
  [166 160 161]
  [164 158 159]]

 [[241 224 211]
  [235 221 209]
  [243 233 223]
  ..., 
  [199 191 192]
  [198 190 191]
  [197 189 190]]

 [[241 225 213]
  [239 225 213]
  [247 237 227]
  ..., 
  [186 175 177]
  [188 177 179]
  [189 178 180]]

 ..., 
 [[182 180 172]
  [182 180 172]
  [182 180 172]
  ..., 
  [199 206 201]
  [199 206 201]
  [199 206 201]]

 [[182 180 172]
  [182 180 172]
  [182 180 172]
  ..., 
  [202 209 204]
  [202 209 204]
  [202 209 204]]

 [[182 180 172]
  [182 180 172]
  [182 180 172]
  ..., 
  [198 205 200]
  [198 205 200]
  [198 205 200]]]
[[[181 151 146]
  [185 155 150]
  [191 162 157]
  ..., 
  [143 130 132]
  [143 130 132]
  [143 130 132]]

 [[184 154 149]
  [189 159 154]
  [196 167 162]
  ..., 
  [136 125 127]
  [138 125 127]
  [136 125 127]]

 [[185 157 150]
  [193 165 158]
  [203 175 168]
  ..., 
  [138 130 131]
  [140 129 131]
  [138 130 131]]

 ..., 
 [[169 167 159]
  [169 167 159]
  [169 167 159]
  ..., 
  [207 213 212]
  [208 213 212]
  [209 214 213]]

 [[172 170 162]
  [172 170 162]
  [172 170 162]
  ..., 
  [204 210 209]
  [206 211 210]
  [206 211 210]]

 [[172 170 162]
  [172 170 162]
  [172 170 162]
  ..., 
  [203 209 208]
  [204 209 208]
  [204 209 208]]]
[[[ 92  92  92]
  [ 92  92  92]
  [ 92  92  92]
  ..., 
  [ 86  73  65]
  [ 86  73  65]
  [ 85  72  64]]

 [[ 91  91  91]
  [ 91  91  91]
  [ 91  91  91]
  ..., 
  [ 85  72  64]
  [ 84  71  63]
  [ 84  71  63]]

 [[ 89  89  89]
  [ 89  89  89]
  [ 90  90  90]
  ..., 
  [ 83  70  62]
  [ 83  70  62]
  [ 82  69  61]]

 ..., 
 [[192 180 168]
  [190 181 168]
  [188 179 169]
  ..., 
  [ 12  12  12]
  [ 13  13  13]
  [ 13  13  13]]

 [[192 178 166]
  [190 178 166]
  [186 177 167]
  ..., 
  [ 12  12  12]
  [ 13  13  13]
  [ 13  13  13]]

 [[190 176 164]
  [188 176 164]
  [186 176 166]
  ..., 
  [ 12  12  12]
  [ 13  13  13]
  [ 13  13  13]]]
[[[ 99 104 103]
  [ 99 104 103]
  [ 98 103 102]
  ..., 
  [112 107 108]
  [110 105 106]
  [109 104 105]]

 [[ 99 104 103]
  [ 99 104 103]
  [ 98 103 102]
  ..., 
  [113 108 109]
  [111 106 107]
  [110 105 106]]

 [[ 98 103 102]
  [ 98 103 102]
  [ 98 103 102]
  ..., 
  [114 109 110]
  [112 107 108]
  [111 106 107]]

 ..., 
 [[ 39  43  61]
  [ 41  46  61]
  [ 46  49  64]
  ..., 
  [ 41  31  24]
  [ 41  31  24]
  [ 41  31  24]]

 [[ 43  49  60]
  [ 46  52  63]
  [ 51  55  66]
  ..., 
  [ 41  31  24]
  [ 41  31  24]
  [ 41  31  24]]

 [[ 46  53  62]
  [ 49  56  65]
  [ 55  61  68]
  ..., 
  [ 41  31  24]
  [ 41  31  24]
  [ 41  31  24]]]
[[[120 112 105]
  [120 112 105]
  [120 112 105]
  ..., 
  [111  98 100]
  [106  92  96]
  [104  90  94]]

 [[121 113 106]
  [121 113 106]
  [120 112 105]
  ..., 
  [114 101 103]
  [109  95  99]
  [107  93  97]]

 [[121 113 106]
  [121 113 106]
  [120 112 105]
  ..., 
  [117 104 106]
  [112  99 101]
  [109  96  98]]

 ..., 
 [[160 167 162]
  [160 167 162]
  [161 168 163]
  ..., 
  [ 79  67  57]
  [ 81  66  57]
  [ 82  67  58]]

 [[164 171 166]
  [164 171 166]
  [165 172 167]
  ..., 
  [ 80  66  54]
  [ 81  67  55]
  [ 81  67  55]]

 [[168 175 170]
  [169 176 171]
  [169 176 171]
  ..., 
  [ 80  66  54]
  [ 80  66  54]
  [ 81  67  55]]]
[[[117 103  97]
  [119 105  99]
  [121 107 101]
  ..., 
  [108 108 108]
  [108 108 108]
  [108 108 108]]

 [[117 103  97]
  [118 104  98]
  [120 106 100]
  ..., 
  [107 107 107]
  [107 107 107]
  [107 107 107]]

 [[116 102  96]
  [117 103  97]
  [119 105  99]
  ..., 
  [106 106 106]
  [106 106 106]
  [106 106 106]]

 ..., 
 [[ 63  67  62]
  [ 64  68  63]
  [ 65  69  64]
  ..., 
  [ 59  55  50]
  [ 60  54  49]
  [ 60  54  47]]

 [[ 74  77  75]
  [ 75  78  76]
  [ 77  80  78]
  ..., 
  [ 59  57  46]
  [ 61  57  46]
  [ 60  57  43]]

 [[ 83  86  84]
  [ 84  87  85]
  [ 85  88  86]
  ..., 
  [ 60  59  45]
  [ 61  58  43]
  [ 61  58  43]]]
[[[157 143 137]
  [156 142 136]
  [156 142 136]
  ..., 
  [108 107 111]
  [108 107 111]
  [108 107 111]]

 [[158 144 138]
  [157 143 137]
  [156 142 136]
  ..., 
  [108 107 111]
  [108 107 111]
  [108 107 111]]

 [[160 146 140]
  [159 145 139]
  [157 143 137]
  ..., 
  [108 107 111]
  [108 107 111]
  [108 107 111]]

 ..., 
 [[ 52  56  51]
  [ 53  57  52]
  [ 55  59  54]
  ..., 
  [ 55  54  50]
  [ 62  63  59]
  [ 69  70  66]]

 [[103 107 102]
  [104 108 103]
  [106 110 105]
  ..., 
  [ 39  43  38]
  [ 44  48  43]
  [ 47  51  46]]

 [[ 96 100  95]
  [ 97 101  96]
  [100 104  99]
  ..., 
  [ 31  37  32]
  [ 32  38  33]
  [ 34  40  35]]]
[[[250 253 251]
  [251 254 252]
  [251 255 250]
  ..., 
  [185 166 169]
  [185 166 169]
  [185 166 169]]

 [[250 253 251]
  [251 254 252]
  [251 255 250]
  ..., 
  [187 168 171]
  [187 168 171]
  [188 169 172]]

 [[251 254 252]
  [252 255 253]
  [252 255 251]
  ..., 
  [187 170 173]
  [188 171 174]
  [188 171 174]]

 ..., 
 [[177 183 172]
  [177 183 172]
  [177 183 172]
  ..., 
  [186 199 197]
  [186 199 197]
  [186 199 197]]

 [[179 185 174]
  [179 185 174]
  [179 185 174]
  ..., 
  [186 199 197]
  [186 199 197]
  [186 199 197]]

 [[180 186 175]
  [180 186 175]
  [180 186 175]
  ..., 
  [186 199 197]
  [186 199 197]
  [186 199 197]]]
0.633690990663



[[  1.43709867e+03   0.00000000e+00   6.58773965e+02]
 [  0.00000000e+00   1.44078758e+03   3.44341854e+02]
 [  0.00000000e+00   0.00000000e+00   1.00000000e+00]]



[[ -1.19510708e-01   2.07292418e+00  -4.98856429e-03  -1.34527167e-02
   -7.49885425e+00]]



[array([[-0.53328584],
       [ 0.3026468 ],
       [ 0.89898204]]), array([[-0.30834394],
       [-0.46491265],
       [-1.01831651]]), array([[-0.66656284],
       [ 0.00965484],
       [ 0.59129245]]), array([[ 0.74971092],
       [ 0.25032669],
       [-0.34456352]]), array([[-0.28380922],
       [-0.82310554],
       [-1.60057409]]), array([[-0.01371795],
       [-0.21902756],
       [ 0.72199662]]), array([[ 0.00575976],
       [-0.06124532],
       [-0.71233153]]), array([[ 0.53777963],
       [ 0.36045918],
       [-1.61384788]]), array([[-0.35584489],
       [-0.37050379],
       [-1.67083661]]), array([[-0.04537631],
       [ 0.00353284],
       [-0.07481903]]), array([[-0.66049447],
       [-0.00203041],
       [ 0.59757818]])]



[array([[ -5.19889842],
       [ -5.35304326],
       [ 29.39862766]]), array([[-12.68900347],
       [  3.01947207],
       [ 36.26613947]]), array([[-11.07255438],
       [ -3.52699536],
       [ 56.16934749]]), array([[-14.63922178],
       [ -5.43356305],
       [ 64.49223063]]), array([[-17.6849785 ],
       [  1.81330362],
       [ 71.62242702]]), array([[ -7.04793689],
       [ -5.88914444],
       [ 64.45546854]]), array([[ -9.00583703],
       [  1.44055494],
       [ 35.06875044]]), array([[ -3.88512172],
       [  5.41341843],
       [ 28.66795653]]), array([[ -5.16565213],
       [  5.44934815],
       [ 42.03853915]]), array([[ -4.59832078],
       [ -0.97553593],
       [ 41.2584146 ]]), array([[-11.08663306],
       [ -3.56386277],
       [ 56.31882461]])]
